close
74.84
74.45
75.15
75.47
72.9
76.48
75.49
72.97
74.83
75.06
73.28
76.46
78.77
77.46
76.96
79.29
81.01
79.84
82.46
81.58
82.12
82.5
82.14
82.51
80.43
79.6
80.82
81.57
80.25
79.88
80.07
82.08
81.68
81.21
80.78
79.18
78.99
80.5
80.67
80.45
79.84
78.7
79.77
81.22
81.19
80
79.94
79.13
78.51
77.59
78.67
78.93
80.58
79.79
79.14
78.49
77.74
78.2
76.54
79.64
80.31
78.78
78.53
77.5
76.97
77.43
77.1
78.41
76.94
75.83
76.8
77.32
74.45
74.92
73.68
73.26
73.95
75.52
77.99
77.43
76.55
80.64
82.7
79.38
79.86
83.06
81.75
82.02
83.66
83.95
85.4
85.03
83.64
83.14
82.33
78.83
79.61
79.1
78.96
78.24
76.74
78.63
79.52
76.56
76.64
77.83
77.57
77.91
75.43
77.29
75.68
74.45
71.58
69.85
67.13
70.07
72
71.25
70.535
72.77
75.08
75
74.4
73.23
74.83
75.69
75.08
72.44
73.98
75.36
75.9
75.06
74.25
71.9
71.04
72.01
70.09
68.69
71.91
74.09
75.95
74.75
74.83
73.95
74.39
73.77
72.55
72.49
75
73.76
73.48
75.25
76.01
76.83
76.36
75.9
78.15
77.49
78.1
79.84
79.01
81.96
77.81
76.42
79.12
79.95
80.31
80.16
81.23
82.33
81.68
80.12
77.79
77.78
77.73
76.45
76.66
77.02
75.8
74.87
75.27
74.98
73.66
71.4
70.41
69.6
69.64
70.95
71.24
74.82
74.2
73.81
73.28
72.14
72
72.73
73.07
72.28
71.55
71.85
72.24
71.28
72.75
71.67
71.09
71.38
71.07
70.23
69.01
68.71
67.52
68.14
67.28
67.95
68.11
68.04
68.35
67.64
67.27
65.87
65.25
64.31
64.68
64.46
63.35
63.23
63.47
62.26
63.4
63.1
63.49
64.84
63.99
66.589
68.18
67.071
65.23
63.57
64.44
65.515
64.09
62.76
62.24
63.35
61.81
66.07
65.93
68.14
69.22
68.36
65.86
66.43
64.42
68.11
68.55
68.69
72.36
75.23
73.84
73.3
72.19
71.86
72.6
70.72
69.48
69.17
69.26
68.82
68.25
68.15
68.21
67.96
67.72
68.09
67.38
66.49
66.12
