close
58.89
58.11
56.51
56.94
56.02
59.15
61.32
58.96
61.29
60.48
58.42
60.46
64.09
63.28
63.39
62.86
60.53
60.34
59.08
59.43
59.07
58.84
58.31
58.11
58.83
59.12
58.74
58.35
57.9
56.8
56.55
56.07
55.01
55.43
54.43
53.71
53.48
54.58
55.06
55.26
55.25
54.14
53.81
53.85
54.02
54.63
53.85
52.93
52.44
52.61
53.48
53.07
52.2
51.31
52.59
52.41
51.66
52.34
52.11
52.66
52.43
52.3
52.1
52.08
52.81
51.09
50.87
50.62
49.7
50.27
50.42
51.5
49.98
49.56
48.32
48.15
46.4
46.73
47.06
46.32
46.86
47.75
47.31
46.76
47.44
49.25
48.73
48.99
48.42
48.77
48.69
48.66
48.78
46.96
46.36
46.02
47.2
47.74
47.66
47.18
46.28
45.95
46.16
47.1
47.21
46.03
44.52
45.24
44.55
45.42
44.4
43.46
42.06
40.75
39.94
40.61
38.77
38.51
38.25
40.06
43.42
44.11
42.27
43.94
45.82
45.62
45.53
44.4
45.33
45.28
45.02
44.09
44.15
41.36
40.2
41.88
42.81
42.05
43.6
43.19
45.72
45.22
45.95
45.08
47.66
47.7
48.51
49.39
50.21
50.2
50.01
50.61
51.12
51.51
51.57
51.25
50.26
49.62
49.7
48.97
48.61
49.23
49.84
50.46
51.49
51.93
51.44
49.92
47.69
48.25
47.85
48.4
48.65
49.23
48.82
46.8
49.77
49.16
50.67
49.29
48.64
48.4
48.28
46.62
46.3
48.44
50.4
50.44
49.75
50.66
50.53
50.17
49.73
49.2
48.69
50.11
49.94
49.63
50.14
49.465
49.64
49.15
49.72
49.08
48.58
47.9
47.75
47.55
47.16
47.52
46.03
47.34
46.77
47.37
46.9
47.79
47.08
46.19
46.12
44.7
44.04
43.87
45.93
45.64
45.74
46.03
44.93
43.99
44.27
44.34
44.74
44.925
44.185
43.67
44.24
43.559
42.55
42.55
42.16
42.62
42.16
41.07
40.43
41.17
40.76
41.38
41.01
40.49
40.48
40.03
38.72
38.345
38.785
40.05
40.18
40.3
40.57
41.26
40.57
39.82
38.9
37.76
38.74
38.31
39.18
39.07
39.85
39.59
38.51
38.23
39.35
39.38
39.5
39.76
39.34
39.01
38.67
