,,,,close
,,,,72.12
,,,,71.41
,,,,67.35
,,,,67.41
,,,,66.77
,,,,67.31
,,,,68.45
,,,,66.95
,,,,68.8
,,,,68.12
,,,,66.67
,,,,72.46
,,,,77.51
,,,,76.38
,,,,77.42
,,,,74.97
,,,,72.26
,,,,71.97
,,,,68.72
,,,,69.28
,,,,69.68
,,,,67.88
,,,,67.43
,,,,69.66
,,,,68.68
,,,,67.34
,,,,67.77
,,,,68.14
,,,,68.07
,,,,68.48
,,,,67.2
,,,,65.84
,,,,64.4
,,,,63.58
,,,,63
,,,,62.32
,,,,63.94
,,,,65.64
,,,,66.47
,,,,65.11
,,,,65.4
,,,,64.01
,,,,64.92
,,,,64.38
,,,,66.3
,,,,66.42
,,,,65.09
,,,,66.61
,,,,68.08
,,,,67.75
,,,,67.31
,,,,67.84
,,,,67.79
,,,,69.31
,,,,70.36
,,,,69.9
,,,,68.56
,,,,69.8
,,,,70.01
,,,,71.99
,,,,70.99
,,,,71.97
,,,,73.28
,,,,73.4
,,,,74.23
,,,,74.54
,,,,74.38
,,,,75.89
,,,,75.32
,,,,76.35
,,,,76.51
,,,,76.6
,,,,74.83
,,,,72.72
,,,,71.13
,,,,69.46
,,,,67.77
,,,,69.37
,,,,70.19
,,,,69.8
,,,,70.61
,,,,70.61
,,,,67.64
,,,,67.45
,,,,69.7
,,,,69.08
,,,,69.38
,,,,70.41
,,,,68.7
,,,,67.53
,,,,67.38
,,,,68.32
,,,,69.23
,,,,67.71
,,,,68.6
,,,,66.78
,,,,66.89
,,,,67.37
,,,,66.54
,,,,67.13
,,,,66.16
,,,,64.99
,,,,65.27
,,,,67.5
,,,,67.04
,,,,63.5392
,,,,62.37
,,,,61.06
,,,,61.84
,,,,63.49
,,,,62.36
,,,,60.96
,,,,57.23
,,,,56.81
,,,,55.28
,,,,55.94
,,,,58.21
,,,,55.74
,,,,54.35
,,,,56.05
,,,,60.32
,,,,61.57
,,,,58.79
,,,,60.46
,,,,64.7
,,,,67.77
,,,,66.9
,,,,65.98
,,,,69.8
,,,,68.03
,,,,68.26
,,,,69.23
,,,,68.94
,,,,63.85
,,,,62.37
,,,,63.1
,,,,63.37
,,,,63.79
,,,,65.75
,,,,63.5
,,,,69.34
,,,,67.03
,,,,69.38
,,,,69.51
,,,,72.44
,,,,73.49
,,,,74.53
,,,,76.08
,,,,75.91
,,,,76.95
,,,,77.67
,,,,78.39
,,,,80.2
,,,,80.67
,,,,81.76
,,,,82.87
,,,,81.98
,,,,81.91
,,,,80.14
,,,,77.72
,,,,76.4
,,,,76.91
,,,,74.63
,,,,76.78
,,,,79.02
,,,,80.54
,,,,82.04
,,,,79.82
,,,,75.55
,,,,76.66
,,,,75.23
,,,,76.36
,,,,79.53
,,,,80.11
,,,,80.57
,,,,74.02
,,,,80.28
,,,,79.82
,,,,88.5
,,,,86.21
,,,,87.79
,,,,87.42
,,,,85.6
,,,,82.7
,,,,83.55
,,,,88.17
,,,,91.981
,,,,93.79
,,,,93.56
,,,,97.08
,,,,98.74
,,,,97.01
,,,,97.75
,,,,96.6
,,,,95.85
,,,,99.84
,,,,98.9899
,,,,98.4
,,,,100.39
,,,,100.02
,,,,100.93
,,,,98.42
,,,,96.81
,,,,95.31
,,,,94.15
,,,,93.4
,,,,93.67
,,,,93.72
,,,,93.23
,,,,92.79
,,,,88.45
,,,,90.16
,,,,89.06
,,,,87.06
,,,,86.38
,,,,88.02
,,,,87.65
,,,,86.41
,,,,86.03
,,,,84.04
,,,,83.38
,,,,84.3299
,,,,86.01
,,,,86.9
,,,,86.93
,,,,88.29
,,,,86.67
,,,,85.13
,,,,86.41
,,,,86.44
,,,,88.23
,,,,87.66
,,,,86.55
,,,,86.08
,,,,86.6
,,,,86.94
,,,,84.29
,,,,83.74
,,,,83.55
,,,,84.04
,,,,83.95
,,,,82.88
,,,,81.57
,,,,81.76
,,,,81.23
,,,,82.59
,,,,83.39
,,,,83
,,,,83.72
,,,,81.91
,,,,79.96
,,,,78.3
,,,,78.17
,,,,79.91
,,,,81.31
,,,,80.5
,,,,81.71
,,,,82.12
,,,,80.27
,,,,79.47
,,,,77.18
,,,,74.56
,,,,78
,,,,77.3
,,,,79.31
,,,,78.75
,,,,79.6
,,,,78.99
,,,,77.79
,,,,77.97
,,,,78.45
,,,,78.58
,,,,78.07
,,,,76.89
,,,,75.49
,,,,73.61
,,,,73.79
