close
27.58
27.46
27.17
27.57
26.82
28.87
29.7
28.44
29.12
28.98
27.68
29.36
30.17
29.54
29.23
28.41
27.91
28.05
27.81
28.01
27.58
26.22
26.16
26.08
26.78
26.78
26.64
26.13
26.35
25.86
25.43
24.77
24.1
24.77
24.81
24.62
24.73
25.39
24.91
24.8
24.92
25.05
24.67
23.89
24.29
24.29
23.45
23.61
23.35
23.56
23.84
23.53
23.16
22.9
23.52
23.73
23.54
24.45
24.79
24.97
24.42
24.47
23.78
23.55
23.65
23.15
23.51
23.54
23.25
23.58
23.36
23.75
22.65
22.41
22.16
21.67
19.49
19.77
19.65
19.42
19.62
19.3
19.38
23.62
24.04
24.57
24.11
24.01
23.86
24.02
23.65
23.68
23.52
22.92
22.74
22.08
22.61
23.16
23.51
23.81
23.21
22.88
23.13
23.31
23.55
22.9
22.05
22.7
22.31
22.73
22.49
22.28
21.32
20.98
20.49
20.95
21.72
21.28
21.42
22.1
23.83
24.01
23.3
23.45
24.78
24.58
24.67
23.92
24.73
24.08
24.14
23.55
23.24
22.7
22.81
22.66
23.12
22.65
23.63
23.64
25.25
25.2
25.21
25.12
25.39
24.64
24.64
24.89
24.74
25.04
24.79
24.6
24.86
24.7
24.76
24.34
24.28
24.13
24.24
24.21
23.93
24.71
24.32
24.23
24.35
24.44
24.43
24.14
23.01
23.77
23.49
24.12
24.73
24.95
24.68
24.14
24.82
24.4
24.21
24.06
24.15
23.84
23.1
22.32
22.58
23.28
23.29
23.65
23.39
23.46
23.36
23.12
22.58
22.38
22.22
22.89
22.91
22.69
23.04
22.76
22.83
22.61
22.8
22.29
22.04
21.745
21.93
21.99
21.85
21.86
21.28
22.17
22.11
22.4
21.8
22.37
21.7
21.48
21.64
21.29
21.06
21.11
21.93
22.03
21.89
21.79
21.605
21.13
21.39
21.48
21.49
21.13
20.86
20.619
20.86
20.911
20.311
20.05
20.045
20.425
20.195
19.8
19.44
20.06
20.025
20.42
20.81
20.64
20.73
20.35
19.82
19.445
19.115
19.55
19.97
19.8401
19.73
19.95
19.25
18.85
18.565
18.08
18.47
18.03
18.209
18.175
18.445
18.24
17.64
17.74
17.76
17.6
17.61
17.47
17.15
17.11
17.05
16.18
