close
74.69
73.99
72.77
74.29
72.74
76.58
78.45
75.13
77.68
77.29
73.81
77.99
80.66
79.69
80.17
77.62
75.67
75.4
74.52
74.69
73.59
71.41
70.5
71.06
71.83
72.32
72.96
72.06
71.94
71
70.75
69.39
68.27
68.52
67.5
67.15
67.86
68.88
68.4
68.78
69.43
68.66
68.11
68.01
68.68
67.91
68.21
67.41
66.16
66.3
66.92
66.34
65.41
64.02
65.13
65.06
64.53
65.68
65.84
66.32
65.89
65.89
64.73
63.62
64.49
63.44
63.22
63.14
62.22
62.99
62.58
63.98
62.81
62.71
61.3
61.05
56.47
57.1
56.99
57.23
57.56
58.38
57.72
56.61
57.12
58.93
58.66
59.02
58.56
58.31
58.04
58.29
58.69
57.23
56.19
54.38
55.73
56.47
55.99
55.93
55.03
55.05
55.64
56.16
56.41
56.05
54.71
55.73
55.12
55.63
54.04
53.78
52.45
51.32
49.67
50.04
49.99
48.64
48.647
49.72
53.01
53.46
51.74
52.61
54.56
55.095
55.37
53.52
54.86
54.27
54.66
52.55
53.38
50.41
49.81
50.86
51.51
50.36
51.75
51.46
54.38
53.69
54.22
52.9
54.92
54.17
54.23
55.07
55.72
55.98
55.86
55.81
56.9
57.11
56.58
56.33
56.32
55.8
56.97
55.43
55.55
57.12
56.08
56.46
57.49
58.16
57.17
56.2
54.57
55.985
54.73
55.42
56.51
57.4
56.59
54.82
57.26
56.91
57.18
56.31
56.11
55.21
53.71
51.48
50.32
52.8
53.31
54.43
53.99
54.33
54.02
54.15
52.89
52.17
51.78
53.79
54.24
54.07
54.75
54.29
55.02
54.5
55.31
54.05
53.55
53.09
53.01
52.82
52.51
52.75
50.9
52.54
51.73
51.65
51.35
53
52.06
51.39
51.37
50.47
50.03
49.81
51.82
51.93
51.67
52
51.26
49.77
50.34
50.4
50.35
50.01
49.38
48.97
48.76
47.691
46.8
46.27
46.68
46.96
46.21
44.86
44.04
45.13
44.98
45.49
46.02
44.93
45.41
44.45
43.3
42.64
42.3
43.3
43.79
43.53
43.71
44.17
43.19
42.13
41.23
40.38
41.76
40.97
41.76
41.62
41.97
41.82
40.9
40.84
41.06
40.61
40.47
40.47
39.93
39.09
39.12
37.22
