close
66.83
66.32
64.05
65.42
64.28
69.61
70.51
67.68
68.29
67.18
63.53
66.48
69.19
67.8
66.81
66.3
63.95
64.54
64.56
63.6
63.51
64.5
63.35
63.5
63.49
62.54
61.1
60.5
59.95
59.1
58.52
58.74
58.03
58.78
57.7
57.07
57.1
57.61
57.44
57.47
56.86
55.01
54.72
56.3
55.25
56.02
57.19
56.38
55.24
55.56
54.97
54.38
53.17
52.37
53.06
53.31
52.84
53.34
53.11
52.86
52.63
52.19
51.32
50.69
50.74
49.8
49.66
49.4
48.36
48.97
48.59
48.65
46.69
48
47.36
46.73
46.18
47.44
47.53
47.37
47.62
47.78
47.49
47.21
46.16
47.35
47.05
47.02
47.11
47.05
46.45
45.83
45.01
44.13
43.47
42.28
43.05
43.96
43.94
44.1
42.73
42.21
42.25
42.13
43.44
44.34
43.89
44.7
43.62
43.59
42.87
42.42
41.26
40.66
39.27
39.5
41.24
40.38
39.34
40.09
42.83
43.25
42.17
42.8
44.57
43.91
44.2
42.37
44.34
43.65
43.83
41.97
41.48
40.08
39.81
40.06
40.46
39.3
40.6
39.56
42.42
42.12
42.58
42.36
43.44
41.44
41.74
42.26
42.54
42.67
42.95
43.37
43.6
43.31
43.03
43.1
43.13
41.47
42.08
41.37
41.37
42.54
41.49
42.39
43.09
43.08
42.65
41.1
39.9
41.45
40.38
41.25
41.27
42.32
41.57
40.615
42.12
42.49
41.67
41.61
40.84
40.54
39.25
37.65
38.05
39.58
39.79
40.34
40.22
40.29
40.28
40.11
39.29
38.67
38.789
39.72
39.4499
38.92
38.95
38.34
38.09
38.13
38.19
37.82
37.34
36.68
36.33
36.39
35.75
36.03
35.2
35.92
36.07
36.31
35.63
36.42
36.35
35.95
36.07
35.1
34.82
35.13
35.75
35.32
35.22
35.58
34.96
34.2
34.82
34.69
34.16
34.3
33.9
33.66
33.5
33.24
32.45
32.18
32.24
32.415
32.255
31.77
31.4
32.07
31.815
31.97
32.21
31.73
31.445
31.93
31.18
30.585
30.51
31.38
31.73
31.66
31.69
32.2
31.59
31.21
30.04
29.35
30.365
29.73
30.27
30.172
30.2
30.29
29.68
29.69
29.78
29.93
29.73
29.3
29.39
29.59
29.5
