close
53.14
52.59
52.42
52.63
50.86
53.25
54.6
53.74
54.35
55.6
53.71
56.47
58.71
58.03
56.65
56.93
56.89
56.87
56.88
56.59
56.19
54.77
54.76
54.28
53.14
53.1
53.9
54.57
53.81
53.98
53.92
55.22
55.09
54.97
54.67
55.2
55.12
55.02
55.34
55.08
54.72
54.51
54.94
55.49
55.95
56.67
57.27
56.5
55.35
54.96
55.22
55.18
55
54.84
54.7
54.58
54.7
54.98
55.05
55.14
55.28
54.46
53.62
53
52.38
52.58
51.52
52.12
51.71
52.06
52.05
52.04
50.57
51.22
50.5
50.54
51.61
52.67
52.23
52.37
52.33
53.21
53.34
52.79
52.69
54.82
54.31
54.92
55.09
54.59
54.7
55.5
55.7
55.69
54.89
53.1
53.47
54.13
53.56
53
52.16
53.24
53.24
52.3
51.96
53.035
53.41
53.62
52.32
52.65
52.45
52.04
51.09
50.84
50.07
49.63
50.76
49.29
48.3
49.02
50.49
50.87
49.34
49.48
50.44
49.96
49.08
47.83
49.18
49.88
50.74
49.63
49.46
47.84
47.48
47.19
47.1
46.52
47.64
47.71
50.16
50.16
50.31
49.68
50.07
49.18
48.17
48.43
48.66
48.06
47.59
48.79
49.25
49.75
49.17
48.81
49.19
49.06
49.6
49.13
48.71
48.94
48.28
48.76
50.01
49.6
49.5
49.07
48.02
49.65
49.27
49.11
48.35
49.46
48.62
47.91
48.85
49.3
48.45
47.76
47.74
46.71
45.91
44.63
45.61
45.44
45.1
45.43
45.05
45.58
45.13
44.84
44.52
43.87
43.61
44.79
45.2
45.26
45.09
44.655
45.22
44.71
45.23
45.04
44.28
44.28
44.51
44.2
43.79
43.63
42.75
42.95
42.75
42.5
42.58
42.66
42.35
41.6
41.84
40.93
40.76
41.48
42.07
42.4
42.37
42.84
42.55
42.27
43.08
43.01
43.16
43.33
42.67
42.51
42.02
41.49
40.57
39.81
40.23
40.98
40.72
39.77
39.51
40.21
40.29
41.57
41.75
41.53
41.8
41.43
40.03
39.67
39.43
40.7
40.68
40.05
41.7
41.94
41.16
41.23
40.89
41.01
40.71
39.66
39.77
39.3
38.485
38.62
38.22
38.26
37.61
37.48
37.17
36.76
36.48
35.92
35.81
