close
50.47
49.79
50.42
50.53
49.06
50.25
49.4
48.94
50.35
50.12
48.56
49.88
51.04
49.99
50.26
51.33
52.68
52.45
55.02
55.87
56.41
55.88
55.81
55.51
55.21
55.05
54.86
54.15
53.43
53.05
53.23
54.75
55.36
54.8
55.14
54.5
53.74
53.78
53.04
53.29
51.92
51.49
51.96
53.21
54.11
53.67
54.28
53.4
52.08
51.73
51.73
51.7
51.73
51.68
51.4
51.31
51.89
51.23
50.96
51.52
51.59
49.57
49.29
48.9
48.39
48.64
48.51
48.83
48.57
48.61
48.41
47.96
46.8
47.16
46.29
46.03
47.95
48.46
48
47.75
47.12
48.99
50.94
49.26
48.46
49.63
49.15
50.27
50.9
50.73
52.12
52.76
52
52.54
52.48
50.61
50.55
50.57
50.08
48.83
48.29
49.39
48.83
48.42
47.3492
48.89
48.85
49.81
48.91
48.63
48.15
47.11
46.17
46.2
45.56
46.57
45.42
43.8
43.41
43.11
43.28
43.47
42.51
41.79
42.47
42.75
43.39
42.54
42.25
43.75
44.59
44.78
43.79
43.35
42.73
42.23
41.55
40.96
43.15
45.05
45.57
44.39
43.99
42.33
43.35
42.97
42.23
41.79
42.79
42.54
42.72
44.5
44.57
44.32
44.03
44.47
45.15
44.1
44.66
44.55
43.88
44.98
43.48
43.39
45.23
45.69
45.17
46.56
48.32
49.14
48.62
47.38
47.44
48.55
46.86
45.91
45.87
46
45.7
44.94
46.25
45.47
44.53
43
42.93
42.54
41.76
42.54
42.26
43.62
43.28
42.45
41.97
41.44
41.41
42.44
42.74
42.83
42.5
43.91
43.47
42.55
43.08
42.74
41.76
42.14
42.26
42.5
43.11
42.3
41.69
41.46
41.01
40.51
40.89
39.99
40.45
40.55
40.28
38.88
39.1
37.98
38.06
38.22
37.27
37.81
37.83
37.51
38.44
38.03
38.66
39.365
38.95
39.06
39.2
38.43
38.115
37.15
37.41
37.53
37.21
36.98
37.3
37.66
37.54
39.14
39.54
39.35
39.39
38.64
36.9
37.63
36.54
38
37.97
37.68
38.83
40.32
39.83
40.89
40.98
40.73
40.33
39.57
39.1
38.17
38.13
37.97
37.5
37.18
36.72
36.69
36.68
36.23
35.68
35.4
35.74
