,,,,close
,,,,82.52
,,,,81.87
,,,,79.88
,,,,81.4
,,,,79.67
,,,,85.39
,,,,86.51
,,,,83.64
,,,,85.33
,,,,85.41
,,,,82.1
,,,,86.89
,,,,91.54
,,,,88.44
,,,,86.82
,,,,85.25
,,,,82.68
,,,,82.91
,,,,83.71
,,,,83.01
,,,,83.3
,,,,81.77
,,,,81.24
,,,,81.2
,,,,81.61
,,,,82.14
,,,,83.88
,,,,82.42
,,,,82.89
,,,,81.73
,,,,81.58
,,,,82.59
,,,,82.54
,,,,81.23
,,,,78.95
,,,,78
,,,,78.6
,,,,79.48
,,,,79.96
,,,,80.99
,,,,80.13
,,,,79.22
,,,,79.24
,,,,80.47
,,,,77.69
,,,,77.52
,,,,77.42
,,,,75.89
,,,,75.03
,,,,75.28
,,,,75.97
,,,,75.5
,,,,73.68
,,,,73.98
,,,,74.41
,,,,74.36
,,,,74.29
,,,,75.16
,,,,75.98
,,,,75.8
,,,,74.78
,,,,73.66
,,,,71.86
,,,,71.42
,,,,69.75
,,,,69.84
,,,,70.92
,,,,70.95
,,,,68.94
,,,,69.46
,,,,69.58
,,,,68.85
,,,,68.41
,,,,69.48
,,,,69.7
,,,,70.49
,,,,66.48
,,,,67.78
,,,,69.71
,,,,69.62
,,,,71.87
,,,,72.11
,,,,73.11
,,,,72.11
,,,,71.51
,,,,72.65
,,,,73.07
,,,,74.36
,,,,74.78
,,,,75.25
,,,,75.2
,,,,74.99
,,,,74.08
,,,,73.69
,,,,72.16
,,,,69.29
,,,,70.06
,,,,71.78
,,,,72.29
,,,,71.18
,,,,69.69
,,,,69.14
,,,,69.18
,,,,69.7908
,,,,71.87
,,,,70.02
,,,,69.35
,,,,68.55
,,,,67.39
,,,,66.84
,,,,68.59
,,,,67.41
,,,,67.3
,,,,65.93
,,,,64.37
,,,,64.4
,,,,66.47
,,,,67.85
,,,,66.87
,,,,68.02
,,,,72.03
,,,,72.45
,,,,70.49
,,,,70.3
,,,,71.78
,,,,72.09
,,,,71.52
,,,,69.57
,,,,71.75
,,,,71.34
,,,,69.33
,,,,69.76
,,,,68.44
,,,,68.29
,,,,66.88
,,,,70.91
,,,,70.63
,,,,68.68
,,,,71.8
,,,,71.7
,,,,75.38
,,,,75.32
,,,,76.59
,,,,74.85
,,,,76.97
,,,,75.28
,,,,74.84
,,,,75.99
,,,,75.71
,,,,74.44
,,,,74.34
,,,,74.94
,,,,74.98
,,,,74.26
,,,,73.45
,,,,72.68
,,,,74.39
,,,,73.29
,,,,74.06
,,,,71.99
,,,,73.04
,,,,74.9
,,,,71.81
,,,,71.41
,,,,72.24
,,,,72.18
,,,,70.72
,,,,69.78
,,,,69.27
,,,,70.94
,,,,70.37
,,,,70.21
,,,,68.63
,,,,69.13
,,,,70.41
,,,,68.78
,,,,70.79
,,,,69.61
,,,,68.32
,,,,67.25
,,,,67.03
,,,,67.27
,,,,65.21
,,,,61.17
,,,,62.97
,,,,64.41
,,,,64.4
,,,,64.88
,,,,63.81
,,,,64.17
,,,,63.86
,,,,62.99
,,,,61.96
,,,,64.12
,,,,60.96
,,,,61.83
,,,,61.4099
,,,,61.62
,,,,62.32
,,,,61.07
,,,,60.68
,,,,59.63
,,,,60.16
,,,,59.79
,,,,59.01
,,,,58.15
,,,,57.82
,,,,57.75
,,,,57.39
,,,,56.89
,,,,55.71
,,,,58.01
,,,,57.71
,,,,58.18
,,,,58.44
,,,,59.45
,,,,59.44
,,,,58.81
,,,,58.21
,,,,56.35
,,,,55.96
,,,,55.66
,,,,57.02
,,,,56.74
,,,,55.26
,,,,55.38
,,,,54.91
,,,,53.81
,,,,55.22
,,,,55.26
,,,,55.25
,,,,54.32
,,,,53.16
,,,,53.115
,,,,52.74
,,,,52.55
,,,,51.23
,,,,51.22
,,,,50.7
,,,,51.54
,,,,51.21
,,,,50.2
,,,,49.22
,,,,49.79
,,,,49.41
,,,,50.91
,,,,51.36
,,,,51.14
,,,,50.57
,,,,49.88
,,,,48.22
,,,,47.61
,,,,47.285
,,,,48.54
,,,,48.5
,,,,48.11
,,,,49.12
,,,,49.1
,,,,48.18
,,,,47.67
,,,,47.535
,,,,47.6
,,,,47.93
,,,,46.41
,,,,46.009
,,,,44.93
,,,,44.73
,,,,44.54
,,,,43.78
,,,,43.39
,,,,43.41
,,,,43.39
,,,,43.25
,,,,42.85
,,,,42.18
,,,,41.77
,,,,40.9
