close
101.98
101.22
100.68
101.29
100.18
105.18
106.24
103.05
105.91
104.79
100.83
105.59
109
105.6
105.03
101.78
98.69
98.98
97.97
97.25
96.61
94.63
93.54
92.37
91.7
92.4
91.36
91.22
91.72
90.08
89.54
89.63
89.17
90.07
88.63
88.25
89.86
91.03
91.39
91.13
90.19
89.2
89.63
89.52
90.15
90.37
92.24
90.74
89.25
89.88
90.17
90.06
88.25
86.55
87.26
87.95
86.56
87.36
86.85
87
86.92
86.61
85.73
84.49
85.06
83.93
83.96
83.32
81.4
82.45
82.69
84.31
81.44
82.98
81.2
79.72
76.73
78.04
79.59
78.89
79.74
80.04
79.67
78.51
78.43
80.88
80.94
81.5
82
81.57
81.62
81.6
80.98
80.62
78.87
76.15
77.93
78.49
79.11
79.32
77.7
78.11
79.28
79.2
79.46
79.49
77.87
79.43
77.55
78.09
77.3
76.72
74.83
72.74
69.79
70.16
74.11
73.31
71.5
73.61
78.1608
78.48
77.33
78.06
81.22
81.47
81.23
77.73
81.42
80.97
79.63
78.29
77.72
75.88
74.7
75.46
75.52
73.85
75.56
74.36
78.36
78.28
80.22
78.85
79.15
77.67
77.2
77.9
77.45
76.59
76.52
76.3
76.94
76.59
76.6
76.35
77.63
75.23
76.67
75.69
74.91
76.77
75.16
75.41
75.97
75.44
74.89
72.94
69.99
70.93
69.67
70.89
71.63
72.23
70.87
70
71.53
71.81
70.09
69.28
68.0067
68.1
66.35
63.94
64.55
66.95
67.41
68.49
68.35
69.26
68.82
68.64
68.77
66.36
65.65
66.82
67.4999
67.39
68.07
66.77
66.08
65.79
66.92
65.68
65.08
63.75
63.84
64.25
63.44
63.77
62.24
64.65
64.28
65.68
65.85
67.39
66.84
65.2
65.17
64.09
62.82
63.5
65.09
66.34
66.34
66.27
65.66
64.48
65.13
65.6
64.85
64.95
63.29
63.56
63.31
62.04
60.79
60.98
60.86
60.96
60.21
58.65
57.68
58.52
58.09
60.08
60.72
59.52
59.57
59.72
57.77
56.4
55.045
56.35
56.84
56.12
56.8
57.55
56.77
55.54
54.27
53.24
54.41
52.59
53
52.62
52.591
52.62
51.05
50.21
50.94
50.72
50.42
50.9
49.82
48.87
48.7287
